596 550 574 555 538 394 426 419 330 282 161 126 248 436 349 406 213 278 225
67 135 250 304 331 170 216 271 333 434 485 544 369 429 463 660 752 815
183 298 352 303 146 148 219 305 388 457 516 326 387 420 618 710 768
115 169 278 147 263 249 311 412 463 463 478 444 538 671 763 792
52 239 263 378 350 273 415 429 394 593 531 646 674 766 780
217 316 417 327 256 399 406 353 575 509 691 651 743 758
160 200 116 113 232 268 293 358 292 407 490 583 612
119 101 163 264 315 374 334 297 390 523 615 644
89 200 257 352 411 214 247 308 486 578 638
112 168 262 321 261 195 310 426 519 548
142 155 236 358 289 441 401 493 507
149 205 319 228 299 258 350 380
123 468 378 448 318 404 351
524 434 504 434 504 451
122 144 341 433 520
131 254 346 432
271 364 434
92 178
124